10
45
0 1 86.38937871480405
0 2 83.17919787485448
0 3 69.51269527199528
0 4 59.8068459764462
0 5 62.790700832943116
0 6 88.81159279398658
0 7 52.64772734464478
0 8 58.00297183179935
0 9 67.51531857448569
1 2 35.2781176732438
1 3 36.02912105923812
1 4 36.49837672906301
1 5 80.4161172498047
1 6 36.240616840400165
1 7 76.58110272795716
1 8 42.68918860597398
1 9 84.6751353521471
2 3 67.58074281991833
2 4 41.118205158724884
2 5 42.29129743907323
2 6 75.3685763566465
2 7 64.42181217172816
2 8 30.83437778624421
2 9 74.09104387419748
3 4 71.29894226554762
3 5 85.01625064601507
3 6 82.60750718394564
3 7 77.72452849289613
3 8 68.10393082807163
3 9 37.19871567250172
4 5 87.81451377857894
4 6 87.16803664874303
4 7 31.491577367971896
4 8 81.28855577995476
4 9 48.62957414361931
5 6 56.743170376801544
5 7 42.16597001332801
5 8 48.383859716264226
5 9 32.9303288515976
6 7 57.43636888296395
6 8 88.59773009998904
6 9 84.92297085805882
7 8 51.9643353455153
7 9 69.20359328636323
8 9 40.258249828244914
