20
190
0 1 74.84913511401618
0 2 35.8904516149489
0 3 46.95510415037865
0 4 39.932739835226215
0 5 62.07336103272342
0 6 53.0422631297909
0 7 71.57268708558769
0 8 34.63360608139595
0 9 49.435328411429744
0 10 64.25256303523469
0 11 85.43861870463795
0 12 33.74995698536444
0 13 80.59091359210618
0 14 47.83711286262469
0 15 45.35053325097367
0 16 71.99040520270474
0 17 58.684109542272516
0 18 57.9785856157569
0 19 77.52668407354759
1 2 80.68657608269527
1 3 66.90499334095882
1 4 62.96133871409967
1 5 34.52991600005136
1 6 81.4056343041186
1 7 87.1439118156705
1 8 49.827452966613926
1 9 44.85174223719934
1 10 58.787736196874434
1 11 33.03277834144878
1 12 70.68534801121072
1 13 66.63299310564071
1 14 77.32212454113647
1 15 79.50422242898756
1 16 69.08590518244517
1 17 61.27481661648963
1 18 65.89673262573449
1 19 68.71416169721547
2 3 74.93959936940405
2 4 68.84613826420755
2 5 89.95219601285976
2 6 41.763238413864876
2 7 53.38174882165694
2 8 75.22108219675837
2 9 43.94234218321256
2 10 47.11737091882587
2 11 76.80157436280201
2 12 50.78214646720673
2 13 86.5492288880865
2 14 49.967548924046575
2 15 39.93437072272532
2 16 72.30229823180638
2 17 87.72199013455452
2 18 51.98381054144849
2 19 35.47467279854114
3 4 33.271494309068984
3 5 40.104769331227864
3 6 88.00821650758112
3 7 72.10188257493678
3 8 83.4604768973126
3 9 67.79014491624935
3 10 75.19646632741234
3 11 48.11845288079133
3 12 75.91701932488002
3 13 42.5805569242942
3 14 70.9576203947394
3 15 52.08427606665291
3 16 38.86717579130478
3 17 32.061306438062694
3 18 68.75629097017404
3 19 86.88954479029536
4 5 51.14640592012904
4 6 74.78482563599869
4 7 65.43145456080663
4 8 85.64194988224065
4 9 82.81277736890348
4 10 45.73697902200632
4 11 70.15091097346397
4 12 86.55263884842913
4 13 87.4968531614463
4 14 80.00228246858401
4 15 73.46024940654208
4 16 79.68900401697377
4 17 59.820125774634555
4 18 64.16598896415967
4 19 75.10004109452235
5 6 51.020920154000805
5 7 39.86628919193018
5 8 43.48710912789775
5 9 81.35477986412945
5 10 68.62065865773351
5 11 77.21691858121252
5 12 88.24751944575219
5 13 66.66199296385349
5 14 42.18531822824652
5 15 79.46551692771516
5 16 34.928384141799285
5 17 70.04974888797963
5 18 60.23417208817692
5 19 44.40120199338267
6 7 86.98626077738348
6 8 84.68563074279648
6 9 49.39194936769331
6 10 71.20566161083372
6 11 65.9972882067824
6 12 58.41012657256745
6 13 67.1026564404402
6 14 64.03435942613223
6 15 86.8090196455255
6 16 54.59217250128141
6 17 52.92713141621784
6 18 41.25529191101346
6 19 50.08547722388655
7 8 85.98449764684207
7 9 44.2611322244332
7 10 85.39596839091399
7 11 62.25218847442803
7 12 69.47118973003435
7 13 69.86933479789224
7 14 32.50160437396053
7 15 46.343979992327576
7 16 56.68981233954268
7 17 69.06422537417555
7 18 65.13489369448551
7 19 57.629435112860406
8 9 34.47519696407743
8 10 45.66746069781581
8 11 60.65002458034219
8 12 85.13202782069786
8 13 39.91190811710835
8 14 34.07486428251935
8 15 35.65099948359944
8 16 84.28899384224289
8 17 57.49720315428565
8 18 69.80480710328042
8 19 58.69661615412418
9 10 86.98515111945954
9 11 80.50617717194612
9 12 58.84335687086277
9 13 36.34184590497413
9 14 73.06992372705398
9 15 45.11558860065182
9 16 88.90810152252773
9 17 72.50766663069501
9 18 42.21194978754606
9 19 84.182753868269
10 11 81.43623064618497
10 12 57.948759619302535
10 13 56.56673184435563
10 14 37.79069473024046
10 15 45.66098299815306
10 16 85.24082835942261
10 17 33.228897043711505
10 18 59.760601940650936
10 19 45.57419746357849
11 12 45.23663365692727
11 13 50.811705508615944
11 14 73.2975034974925
11 15 66.88129837433408
11 16 63.34218210997078
11 17 56.7425589285272
11 18 54.774871629196774
11 19 74.2386192410871
12 13 78.24185524167143
12 14 80.98435236977559
12 15 62.37876463259713
12 16 39.12159141162553
12 17 51.853607368474016
12 18 37.88859136283919
12 19 35.92190341723076
13 14 35.60587344891637
13 15 87.3227094708609
13 16 30.75731351137485
13 17 55.60297120843907
13 18 85.15216624878727
13 19 41.764831910281146
14 15 83.43691621108368
14 16 40.826249002436214
14 17 82.16894946930685
14 18 32.246662395410794
14 19 89.88812831012022
15 16 35.41152610561815
15 17 49.68608279474943
15 18 67.14452541286852
15 19 76.17241364835863
16 17 42.614100025429835
16 18 38.90569476570441
16 19 50.548873623186
17 18 69.66621663074194
17 19 62.339510127850915
18 19 77.70548298454065
