30
435
0 1 52.73197517376218
0 2 38.98095915613741
0 3 36.86237850820119
0 4 32.1179201708848
0 5 75.39309784772146
0 6 67.72361963989972
0 7 85.59129484705294
0 8 37.22330117672213
0 9 44.43630403747117
0 10 72.58883889471562
0 11 79.94227666406752
0 12 57.14915048836022
0 13 38.43985929967792
0 14 32.87892328277888
0 15 37.19949445254323
0 16 78.7077959604228
0 17 47.18927771547201
0 18 63.06850623631471
0 19 73.30328909341736
0 20 70.8735715946969
0 21 47.255411799827144
0 22 89.65314623060613
0 23 35.630047794273246
0 24 44.41663595095301
0 25 57.37331259027335
0 26 57.06980034784112
0 27 72.2925299857464
0 28 58.51728746270872
0 29 76.84147187632867
1 2 82.9351270754515
1 3 53.475165167475474
1 4 60.57354796940173
1 5 83.96965310263613
1 6 82.74994522730913
1 7 40.06492894363306
1 8 48.7546094701156
1 9 52.28708805021097
1 10 45.995506568711534
1 11 71.45953392024882
1 12 62.06762708687616
1 13 69.7814282385248
1 14 89.19957435815091
1 15 57.93072626545573
1 16 49.79514061169475
1 17 40.87244124033725
1 18 57.07767167099183
1 19 33.29159514024892
1 20 71.12526353433216
1 21 52.13300951542077
1 22 50.25717637693597
1 23 30.862889696239666
1 24 86.63664829778189
1 25 50.953621296273404
1 26 67.36930397508837
1 27 89.85443088286164
1 28 86.01503476910196
1 29 81.40507767196871
2 3 60.44634842280733
2 4 60.273808273960526
2 5 50.968072900726
2 6 43.487815137982096
2 7 75.58892241137715
2 8 32.34562349139759
2 9 78.76993187618861
2 10 30.76475095019353
2 11 85.77022617906643
2 12 31.17066203749207
2 13 50.20706056162432
2 14 57.05822508165724
2 15 79.42179874553446
2 16 68.97546040626864
2 17 75.91129685847214
2 18 45.45015490513354
2 19 67.09746609934356
2 20 35.798810259514234
2 21 37.156392899927255
2 22 62.258135396264
2 23 89.0396049324943
2 24 74.83286970653053
2 25 71.15883239430457
2 26 54.9688183706011
2 27 68.87415642837757
2 28 30.882608146440404
2 29 36.76368559795058
3 4 76.29347383329349
3 5 82.93817307173899
3 6 39.52844771081228
3 7 74.11108609762411
3 8 86.56925361120935
3 9 60.896028486528195
3 10 80.57300316234186
3 11 81.46874146689507
3 12 63.663259799241786
3 13 41.32775697916375
3 14 72.22397416281746
3 15 73.88076147133475
3 16 73.34511020675922
3 17 75.87534885135854
3 18 32.21129364980317
3 19 61.622909849843296
3 20 63.7773078180294
3 21 87.31014795741655
3 22 78.65775710592004
3 23 71.66923031995609
3 24 85.33127455720559
3 25 60.53686345837599
3 26 67.0184254916025
3 27 72.46485987304055
3 28 41.37055962444279
3 29 61.07703869733712
4 5 79.77522398267763
4 6 51.264650221295724
4 7 66.951273708893
4 8 72.9771666546769
4 9 42.81920367469782
4 10 54.13711627168598
4 11 50.57342202947562
4 12 87.36399459791903
4 13 56.57409435826154
4 14 71.44801399042194
4 15 39.17539875265864
4 16 54.02187561531508
4 17 60.91078421861175
4 18 56.22773803241572
4 19 58.497493286383104
4 20 51.39442241410529
4 21 80.77354230996515
4 22 79.29155485225644
4 23 59.748867602462624
4 24 35.31498449724357
4 25 84.18483271742745
4 26 73.32152657666529
4 27 49.19602961734138
4 28 53.54790401350321
4 29 65.91669326952163
5 6 78.3338499022841
5 7 89.84945089880502
5 8 41.87476488257016
5 9 48.6127252392896
5 10 33.0451271868041
5 11 83.85855742830203
5 12 87.98726056441275
5 13 48.515861125217796
5 14 40.61601025594746
5 15 50.53390811471462
5 16 41.85060163812567
5 17 65.20314698721924
5 18 53.09040101149765
5 19 68.09898778931674
5 20 85.47874935793692
5 21 63.849872605709834
5 22 46.5633330997659
5 23 67.33261961060776
5 24 71.21512314349296
5 25 84.54149531054024
5 26 78.70044073992199
5 27 72.19660518030952
5 28 35.63972684709479
5 29 76.02287089444746
6 7 71.69677856376185
6 8 76.35178540864885
6 9 76.12602082594896
6 10 31.020425036367357
6 11 67.1026175630872
6 12 85.1493206071844
6 13 38.84820558669133
6 14 76.89396829538907
6 15 54.15866585073164
6 16 80.2425679392485
6 17 50.69190756673577
6 18 48.87095746260333
6 19 40.37301418346601
6 20 78.39854812423549
6 21 33.0486247987849
6 22 63.48712872304347
6 23 52.036949306769046
6 24 77.39655444771454
6 25 42.87661483449661
6 26 37.10347086532757
6 27 63.216632832289186
6 28 70.08509442071254
6 29 35.688257330123236
7 8 38.49063955571936
7 9 74.47245322236031
7 10 82.72690960816922
7 11 36.27628660395435
7 12 65.46800146161581
7 13 37.14775406634079
7 14 75.69542721303159
7 15 76.01858926667782
7 16 73.45556658902878
7 17 85.53343633025968
7 18 73.39460252640949
7 19 30.503654269449136
7 20 38.54319905572869
7 21 57.55480892855962
7 22 85.95768930170725
7 23 87.99607664321906
7 24 69.30255475776916
7 25 34.84188043568328
7 26 67.83906750295296
7 27 57.91386178728405
7 28 50.06331490070255
7 29 55.134156784569164
8 9 47.8468638205961
8 10 49.016640099978275
8 11 63.746354505150464
8 12 83.93583704113942
8 13 81.4726930197478
8 14 69.40621944504196
8 15 64.59260668345044
8 16 38.177124713919426
8 17 79.55842490398541
8 18 64.71827107893527
8 19 30.247445855223653
8 20 72.3522635053243
8 21 77.39849787475404
8 22 57.036263091415094
8 23 38.65653324802352
8 24 47.194702109267794
8 25 85.30988064022081
8 26 55.08613142241451
8 27 48.10014409079028
8 28 42.41466695218182
8 29 45.51037864607345
9 10 76.17248515476984
9 11 48.43910474264271
9 12 88.36425038559572
9 13 50.829573382810636
9 14 32.09451773135478
9 15 58.266544340500126
9 16 56.709973611476826
9 17 58.33529858570649
9 18 84.93212367171975
9 19 66.15577287509149
9 20 87.28261564123545
9 21 35.392100925321955
9 22 54.12006474634312
9 23 54.56569568293902
9 24 77.2389744405234
9 25 46.976795419090635
9 26 73.63037788910341
9 27 62.211236349811266
9 28 39.51000730204742
9 29 31.259751774200208
10 11 37.360564026160915
10 12 74.82738308205114
10 13 30.22473386301378
10 14 75.51918664416087
10 15 71.97742459069988
10 16 45.25152605472256
10 17 69.38902388500026
10 18 56.389319366932305
10 19 39.493777104316294
10 20 31.6198670815278
10 21 75.56332990894816
10 22 47.25183326579736
10 23 56.75761220573998
10 24 87.21976250547195
10 25 63.62320098243429
10 26 81.26367371753535
10 27 85.81060375209135
10 28 37.160986841632166
10 29 34.90130052167059
11 12 71.07285531155085
11 13 37.72521355606853
11 14 35.52494072739655
11 15 61.099460368086284
11 16 65.70745667789534
11 17 63.05700643328546
11 18 32.02198493975354
11 19 67.32418353850869
11 20 31.431668558172717
11 21 74.45109775872731
11 22 69.43313016552287
11 23 75.43882057400715
11 24 36.54629226094832
11 25 41.219032356685105
11 26 62.233424202408806
11 27 76.64050499445523
11 28 40.16970049908813
11 29 51.85470884633614
12 13 32.79046760166825
12 14 81.75976706194785
12 15 31.96887329684522
12 16 78.4853373406853
12 17 44.40259209387607
12 18 89.24560638463316
12 19 43.618692086230546
12 20 77.15572458605197
12 21 50.18730608204582
12 22 74.13862758619574
12 23 53.45130469222174
12 24 79.62157301266095
12 25 33.45174191854064
12 26 76.54968475747962
12 27 53.31592763015687
12 28 35.979764731055425
12 29 88.67289559926715
13 14 55.25136115323806
13 15 61.10307663365521
13 16 52.991009818039466
13 17 42.586566809173384
13 18 50.95440364084792
13 19 83.69579447447833
13 20 40.352524420518556
13 21 42.12999295382566
13 22 74.6811066222693
13 23 63.29404487618606
13 24 46.45578105451949
13 25 40.104270510371045
13 26 79.36248130650588
13 27 35.11702868660616
13 28 36.316717608222675
13 29 70.41874122320309
14 15 87.37587923535176
14 16 66.42178922281131
14 17 77.39311280679499
14 18 42.650615283159475
14 19 53.20459515273173
14 20 75.58503362869754
14 21 33.90619774211824
14 22 40.39922118106528
14 23 78.74079822513744
14 24 85.67873582949
14 25 87.06092276205507
14 26 59.535313175163374
14 27 88.96801183972951
14 28 49.528639720741836
14 29 37.21161688214899
15 16 50.94203431718732
15 17 77.84919310879019
15 18 72.67839790127877
15 19 84.54715144051451
15 20 77.71514679379644
15 21 48.21128508680923
15 22 56.990679295661835
15 23 87.27203294694218
15 24 79.03630683656448
15 25 55.25700355549013
15 26 50.80013427221742
15 27 60.537223573394755
15 28 52.05419432053739
15 29 41.04942584867068
16 17 41.59176586900753
16 18 65.52680705418882
16 19 39.10446579468658
16 20 76.90480568400918
16 21 44.11177998754807
16 22 46.13398304604305
16 23 60.470514952411776
16 24 72.09389616746729
16 25 80.62662803027102
16 26 60.562183210957315
16 27 62.63319507586086
16 28 80.59187029000837
16 29 60.729535416877184
17 18 46.96450316192261
17 19 78.57869946007904
17 20 62.83182203025774
17 21 85.65239398392231
17 22 75.88691422347134
17 23 40.2299138778991
17 24 36.506619387158686
17 25 46.474493497850005
17 26 77.80813486765967
17 27 43.43763713126151
17 28 59.42878144590473
17 29 36.928194381553325
18 19 31.4713283177695
18 20 63.21417334011323
18 21 68.29784409342616
18 22 39.68516079354275
18 23 57.98017100203416
18 24 51.012880990138186
18 25 89.93955547143655
18 26 30.06546025073209
18 27 66.78418111827989
18 28 56.853345717408786
18 29 66.1710793038879
19 20 53.04536313901322
19 21 62.705497702761136
19 22 66.96299251277402
19 23 49.91121404814995
19 24 88.24828232084967
19 25 88.06170669822453
19 26 32.35196105725029
19 27 78.49449684031484
19 28 63.286916147131066
19 29 60.71661148098535
20 21 45.35923655333664
20 22 70.36290604904173
20 23 68.38321793929333
20 24 37.5431967026681
20 25 59.704094839552255
20 26 83.39869150825069
20 27 84.62641424523684
20 28 83.31038427320644
20 29 44.94799205495197
21 22 37.1267446203456
21 23 64.5379194778212
21 24 37.40752975178752
21 25 38.51816645365297
21 26 36.854741868390846
21 27 76.79553415897065
21 28 45.097930393641235
21 29 67.56527384686657
22 23 65.53413352591525
22 24 47.02795388218242
22 25 56.14498772476905
22 26 78.92351039818531
22 27 88.71491612967654
22 28 53.52420874999332
22 29 71.68197602516904
23 24 78.31272081996715
23 25 89.43194479972829
23 26 70.51118502968399
23 27 80.09876012127233
23 28 39.66813416921663
23 29 33.20040541794347
24 25 52.336075617603214
24 26 44.49608651297086
24 27 82.10443818273275
24 28 38.512897438565375
24 29 59.44910598210721
25 26 47.9104932174353
25 27 85.51698672451082
25 28 75.32043828725092
25 29 61.515534466264256
26 27 88.0401373468589
26 28 86.19406026554064
26 29 52.94451659473575
27 28 54.29449056350049
27 29 80.6042731434192
28 29 61.06015908887727
